0
12
30
60
95
138
192
250
300
285
235
186
143
107
73
49
32
15
5
2
8
18
40
68
109
156
205
261
312
284
236
188
144
111
81
53
35
21
10
6
24
38
58
91
124
169
221
278
325
291
247
197
159
117
87
63
42
26
22
16
50
66
82
115
158
201
253
293
338
301
258
211
165
130
100
76
56
45
36
33
88
97
120
152
189
231
280
324
352
318
271
224
185
154
121
94
75
64
52
48
129
141
162
195
227
269
313
344
360
329
288
252
210
174
142
118
98
84
78
72
180
194
216
246
275
311
340
367
373
343
314
274
234
202
170
148
126
112
106
101
242
254
264
289
321
342
366
383
382
362
333
302
262
230
206
176
160
147
134
133
296
307
320
334
356
371
385
393
390
376
355
326
295
267
241
218
199
182
172
167
345
349
358
370
379
389
395
399
396
387
372
350
327
303
279
259
237
222
215
213
347
348
359
368
378
386
394
398
397
388
375
354
331
306
281
260
239
223
217
207
297
305
319
332
353
369
381
392
391
377
357
328
299
268
245
219
200
178
171
164
243
251
263
286
317
339
364
380
384
363
336
304
265
233
208
177
161
146
135
131
181
193
214
240
272
308
337
365
374
346
315
276
238
204
173
149
127
113
105
99
132
139
163
191
226
266
309
341
361
330
290
255
212
175
145
119
102
85
77
70
90
96
122
150
187
229
277
322
351
316
270
225
184
151
123
92
80
65
55
47
51
67
83
114
155
198
249
292
335
298
256
209
166
128
103
74
57
43
37
29
25
39
59
89
125
168
220
273
323
287
244
196
157
116
86
62
44
27
23
17
9
19
41
69
108
153
203
257
310
283
232
183
140
110
79
54
34
20
11
7
1
13
31
61
93
137
190
248
294
282
228
179
136
104
71
46
28
14
4
3
400
405
414
430
449
476
508
539
586
638
685
706
653
596
541
496
461
433
413
402
406
410
419
434
453
481
510
546
587
633
686
715
662
610
557
511
469
441
420
408
417
421
426
442
463
487
515
556
595
644
691
728
679
627
575
529
490
460
439
425
431
435
443
456
473
499
527
564
609
657
698
741
700
658
606
559
520
488
467
455
447
452
462
474
492
519
549
582
624
667
713
750
726
683
641
594
558
524
503
491
471
477
483
500
517
538
570
607
648
688
727
761
748
721
677
639
601
569
548
535
497
506
513
525
547
568
600
631
672
710
740
769
771
743
719
682
651
620
602
590
531
534
543
560
576
603
629
661
694
730
758
781
785
770
745
724
696
674
660
649
567
572
578
597
617
637
665
692
722
751
772
789
795
787
776
759
739
725
711
708
611
616
621
632
656
675
695
723
744
768
784
794
799
796
792
783
773
765
755
753
605
613
622
635
659
680
707
731
754
775
788
797
798
793
786
777
767
757
752
746
563
571
580
599
619
645
673
699
732
756
778
790
791
780
766
747
734
720
709
701
528
533
545
562
579
608
636
669
704
736
764
782
779
760
738
712
687
663
652
647
495
505
514
526
552
573
604
640
676
714
742
774
762
735
702
666
634
615
593
584
470
475
485
502
522
544
574
614
650
690
729
763
737
705
664
623
588
561
542
532
446
450
465
478
494
521
554
585
626
670
716
749
717
671
625
581
550
518
498
489
429
436
445
458
479
501
530
565
612
655
697
733
689
643
591
553
512
482
466
454
416
423
427
444
464
486
516
555
592
642
684
718
668
618
566
523
484
457
438
424
407
411
422
437
451
480
509
540
583
630
681
703
654
598
551
507
468
440
418
409
401
404
415
428
448
472
504
536
577
628
678
693
646
589
537
493
459
432
412
403
