0
380
19
399
398
18
39
379
20
360
38
378
1
381
397
17
59
359
21
361
377
37
58
358
40
340
57
357
396
339
2
382
16
79
376
36
78
338
41
341
22
362
56
337
356
77
395
319
99
15
60
320
98
35
375
318
76
336
42
342
3
383
355
55
97
317
61
321
23
363
299
394
119
14
335
96
75
298
118
374
316
34
62
322
117
297
354
54
80
343
300
43
315
384
95
4
301
81
116
279
74
139
296
334
393
278
138
13
364
24
373
33
137
277
323
63
353
53
115
295
82
94
302
314
44
344
136
276
333
100
73
259
280
159
158
258
392
385
5
281
372
101
114
12
32
294
257
157
135
275
303
313
83
365
93
324
25
352
64
52
156
256
102
282
239
72
332
179
345
45
134
238
178
274
113
293
155
255
237
391
120
260
177
371
312
92
11
304
31
84
386
283
6
261
121
103
351
51
325
176
236
65
133
366
273
26
154
219
254
331
112
71
292
199
262
198
122
218
175
235
346
46
197
217
91
311
284
104
390
305
153
85
370
253
132
10
30
196
272
216
263
174
140
240
350
234
123
50
387
326
7
241
111
66
141
291
330
367
70
195
215
27
152
242
142
252
285
173
233
105
310
90
264
347
131
124
271
306
47
194
86
214
389
369
29
9
243
349
110
143
290
49
327
67
388
172
160
220
329
232
8
69
151
193
251
221
213
161
265
286
368
125
28
106
130
270
309
244
89
222
162
144
307
348
87
48
171
192
231
109
289
212
223
150
163
328
250
266
68
245
126
287
145
129
107
180
269
200
201
181
191
308
88
224
211
170
164
230
182
202
108
288
149
249
246
267
146
127
203
225
183
165
190
128
268
210
169
229
204
184
247
226
148
147
248
166
205
189
209
185
168
228
227
167
206
186
188
208
207
187
400
780
419
799
781
401
420
760
439
779
421
761
798
418
402
782
740
440
778
422
438
441
762
741
759
459
442
742
783
720
403
460
797
417
423
461
721
763
758
458
777
437
443
462
743
722
700
480
784
404
701
764
481
424
739
479
463
757
723
796
457
416
482
444
744
702
738
478
776
436
680
500
785
464
483
681
405
501
703
724
765
425
737
502
756
682
745
445
477
719
456
499
484
795
704
660
415
520
718
465
503
725
683
498
786
661
521
775
406
766
426
435
736
522
662
446
746
504
717
485
476
705
684
755
497
523
663
466
640
455
726
540
699
641
541
519
787
794
505
407
767
414
698
542
685
642
427
524
518
486
716
774
664
735
706
747
447
434
496
475
543
697
643
620
467
727
754
560
525
517
506
621
561
665
686
454
544
788
562
644
622
715
487
768
679
707
408
428
696
793
539
734
748
678
495
448
413
563
773
623
526
516
538
545
666
600
474
507
645
468
433
580
728
601
687
677
581
564
753
624
537
582
602
695
488
714
708
453
789
546
769
527
583
429
676
603
646
565
409
515
667
494
749
733
449
625
792
659
508
559
688
536
658
412
772
729
584
469
473
604
558
547
432
657
694
566
675
489
752
647
709
713
528
626
557
585
668
514
790
452
605
770
535
493
750
410
430
656
509
732
689
450
567
791
548
586
556
730
470
627
472
639
674
771
648
693
411
606
579
638
529
578
655
490
669
431
710
712
751
534
637
513
568
587
555
577
492
510
451
690
549
607
628
731
636
673
649
692
654
576
530
471
670
533
588
554
619
635
512
711
491
569
618
599
608
598
629
617
550
575
653
511
672
691
650
597
634
616
589
531
553
532
570
596
671
609
574
615
630
652
633
551
651
595
590
552
614
573
610
571
631
632
594
613
591
572
593
611
612
592
