279,262
317,269
353,276
389,282
423,288
456,293
488,298
519,302
549,306
578,310
606,313
634,317
661,320
688,323
714,325
740,327
766,329
792,331
817,333
843,335
278,297
316,304
353,310
389,315
422,320
455,324
487,328
517,333
547,336
576,340
604,343
632,346
659,348
686,350
712,352
738,355
763,356
789,358
814,359
841,360
278,332
316,338
353,342
388,347
422,351
455,355
486,359
516,362
546,365
575,368
603,371
630,373
657,375
684,378
710,379
736,381
761,382
786,383
812,385
838,386
278,366
316,371
353,375
388,379
421,382
454,386
485,388
515,391
545,393
574,396
602,398
629,400
656,402
682,404
708,405
734,407
759,408
784,409
809,410
835,411
278,400
316,404
352,407
387,410
421,413
453,416
484,418
515,420
544,422
572,424
601,426
628,427
655,428
681,430
707,431
733,432
758,433
783,434
808,435
833,436
278,433
316,436
352,439
387,441
421,443
453,445
484,447
514,449
543,450
572,452
600,452
627,454
654,455
680,456
706,457
731,458
756,458
781,459
806,459
832,460
278,466
316,469
352,470
387,472
420,473
453,475
483,475
514,477
543,477
572,479
599,479
627,480
653,481
680,482
705,482
730,483
756,483
781,484
806,484
831,484
278,499
316,501
352,501
387,502
421,503
453,504
483,504
514,505
543,505
571,505
599,506
626,506
653,506
679,507
705,507
730,508
755,508
780,508
805,508
831,508
278,532
316,532
352,532
387,533
421,532
453,533
484,532
514,533
543,533
571,533
599,533
627,533
653,532
679,533
705,532
730,533
755,532
781,532
806,532
831,532
278,564
316,564
352,563
387,563
421,562
453,562
484,561
514,561
543,560
572,560
600,559
627,559
654,558
680,558
705,557
731,557
756,557
781,557
806,556
831,556
279,597
316,596
352,594
387,593
421,592
453,591
484,589
514,589
543,587
572,587
600,586
627,585
654,584
680,584
706,582
731,582
757,581
782,581
807,580
832,580
279,629
317,627
353,625
388,624
421,621
453,620
485,618
515,617
544,615
573,614
601,612
628,611
655,610
681,609
707,608
732,607
758,606
783,605
808,604
833,604
279,662
317,659
353,656
388,654
422,651
454,649
485,647
515,645
545,643
573,641
601,639
629,638
656,636
682,635
708,633
733,632
758,631
784,630
809,629
834,628
279,696
317,692
354,688
389,685
422,681
454,679
486,676
516,673
545,671
574,669
602,666
630,664
656,662
683,661
709,659
735,658
760,656
785,655
810,653
835,652
280,729
318,724
354,720
389,716
423,712
455,709
486,705
517,702
547,699
575,696
603,693
631,691
658,689
684,687
710,684
736,683
761,681
787,680
812,678
837,677
280,763
318,757
355,752
390,747
424,742
456,739
487,734
518,731
548,727
576,724
605,721
632,719
659,715
686,713
712,710
738,709
763,707
789,705
814,703
839,702
281,798
319,791
355,785
391,779
425,774
457,769
489,764
519,760
549,756
578,753
607,749
634,746
661,743
688,740
714,737
740,735
766,733
791,731
816,728
842,727
281,833
319,826
356,818
392,812
426,806
458,800
490,795
521,790
551,785
580,781
608,777
636,774
663,770
690,767
716,764
742,762
768,759
794,757
819,754
845,752
282,870
320,861
357,853
393,846
427,839
460,832
492,826
523,821
553,816
582,811
611,806
638,803
666,798
693,795
719,792
745,789
771,785
797,783
823,781
848,779
282,907
321,897
358,889
394,881
429,873
462,866
494,859
525,853
556,847
585,842
614,837
642,832
669,828
696,824
723,820
749,817
775,813
801,811
827,808
853,806
1027,325
1051,323
1076,320
1102,317
1127,313
1153,309
1179,306
1205,302
1232,297
1259,293
1287,287
1316,283
1345,277
1376,271
1407,265
1439,258
1472,250
1508,243
1543,234
1581,225
1030,350
1055,348
1080,345
1105,343
1130,339
1156,336
1182,333
1209,330
1235,325
1262,321
1290,317
1319,312
1348,307
1378,302
1409,296
1441,291
1474,284
1509,277
1545,269
1583,261
1033,375
1059,373
1083,371
1108,369
1133,366
1159,363
1185,360
1211,357
1238,353
1265,350
1292,345
1321,342
1350,337
1380,333
1411,327
1443,322
1476,316
1511,311
1547,304
1584,297
1036,400
1061,398
1086,396
1111,394
1136,391
1161,389
1187,386
1213,383
1240,380
1267,377
1295,374
1323,370
1352,366
1382,362
1413,358
1445,353
1478,348
1513,344
1549,337
1586,331
1039,424
1064,423
1088,421
1113,419
1138,416
1163,415
1189,412
1216,410
1242,407
1269,405
1296,401
1325,398
1353,395
1384,392
1414,388
1446,384
1479,380
1514,376
1550,370
1587,366
1041,449
1066,447
1091,446
1115,444
1140,442
1165,440
1191,438
1217,436
1243,434
1270,432
1298,428
1326,426
1355,423
1385,421
1416,417
1448,415
1481,411
1515,407
1551,403
1588,399
1043,473
1067,472
1092,470
1117,469
1142,466
1167,465
1192,463
1218,462
1245,460
1272,458
1299,456
1327,454
1356,451
1386,449
1417,447
1449,444
1481,441
1516,439
1552,435
1589,432
1044,497
1069,496
1093,494
1118,493
1143,491
1168,490
1193,489
1220,488
1246,486
1273,485
1300,483
1328,481
1357,479
1387,478
1418,476
1450,474
1483,471
1517,470
1552,467
1590,465
1045,520
1070,520
1095,518
1119,518
1143,516
1169,516
1194,514
1220,513
1246,512
1273,512
1301,510
1329,509
1358,507
1387,507
1418,505
1450,504
1483,502
1517,501
1553,499
1590,498
1046,544
1071,544
1095,542
1119,542
1144,541
1169,540
1195,539
1220,539
1247,538
1274,538
1301,537
1329,536
1358,535
1388,535
1418,534
1450,533
1484,532
1518,532
1554,531
1591,531
1047,568
1072,567
1096,566
1120,566
1144,566
1170,566
1195,565
1221,565
1247,564
1274,564
1301,563
1329,563
1358,563
1388,563
1419,563
1450,563
1484,563
1518,563
1554,562
1591,563
1047,591
1072,591
1096,591
1120,591
1144,590
1169,590
1195,590
1221,591
1247,590
1274,591
1302,591
1329,591
1358,591
1388,592
1419,592
1451,593
1484,593
1518,594
1554,594
1591,596
1047,615
1072,615
1096,615
1120,615
1144,615
1170,616
1195,616
1221,616
1247,616
1274,618
1301,618
1329,619
1358,619
1388,621
1419,621
1451,623
1484,623
1518,625
1554,626
1591,629
1046,639
1071,639
1095,639
1120,640
1144,640
1169,641
1195,641
1220,642
1247,643
1273,644
1301,645
1329,647
1358,647
1388,649
1419,651
1451,653
1484,654
1518,657
1554,659
1592,662
1045,663
1070,664
1094,664
1119,665
1143,665
1168,667
1194,667
1220,669
1246,670
1273,671
1301,673
1329,674
1358,676
1388,678
1419,680
1451,683
1484,685
1518,689
1554,692
1592,696
1043,688
1068,688
1093,689
1117,690
1142,691
1167,692
1193,693
1219,695
1245,696
1272,699
1300,700
1328,703
1357,705
1387,708
1418,710
1450,714
1483,717
1518,721
1554,725
1592,730
1041,712
1066,713
1091,714
1116,716
1140,717
1166,719
1191,720
1217,722
1244,724
1271,726
1299,728
1327,731
1357,734
1386,737
1418,741
1450,745
1483,749
1517,754
1554,758
1591,764
1038,738
1064,739
1089,740
1113,741
1139,743
1164,745
1190,747
1216,749
1243,751
1270,754
1298,757
1326,761
1355,764
1386,768
1417,772
1449,777
1482,781
1517,787
1553,792
1591,799
1035,764
1061,765
1086,766
1111,768
1136,769
1162,772
1188,774
1214,777
1241,780
1268,783
1296,786
1325,790
1354,794
1384,799
1416,803
1448,809
1482,814
1516,821
1553,827
1591,835
1032,790
1057,791
1082,793
1107,795
1132,798
1158,800
1184,803
1211,806
1238,809
1265,813
1293,817
1322,821
1352,826
1382,831
1414,837
1446,843
1480,849
1515,856
1552,864
1590,872
