0
11
27
58
92
136
187
244
292
281
231
182
138
106
71
47
30
14
5
2
8
18
39
68
102
148
198
252
303
282
233
185
142
107
77
52
35
19
10
4
24
36
53
84
121
164
217
267
318
288
243
194
154
115
86
64
42
26
20
15
48
61
82
110
145
191
238
285
331
298
255
208
163
128
99
75
57
43
34
28
83
94
114
139
179
222
268
314
346
315
269
224
181
150
118
93
73
63
51
46
124
133
156
180
218
261
299
337
364
329
286
250
209
171
140
117
97
85
72
69
172
183
202
226
262
297
328
360
372
344
313
270
234
201
168
146
126
113
100
95
228
240
256
277
307
334
357
378
382
363
333
301
264
230
203
176
160
141
131
127
287
291
306
323
342
365
379
389
391
377
354
326
293
266
235
216
193
175
167
162
338
341
347
361
373
383
392
398
395
386
369
351
325
300
273
253
232
219
210
204
348
353
362
371
381
390
396
399
397
388
375
356
335
311
283
263
246
225
221
213
302
312
322
339
358
374
387
394
393
380
359
332
304
274
248
223
205
189
178
170
247
258
272
295
324
349
368
385
384
367
340
308
271
239
212
186
165
152
137
135
184
197
220
249
279
316
345
370
376
350
320
278
245
207
173
153
130
116
109
103
134
147
166
199
236
276
319
352
366
336
296
257
215
177
151
122
105
88
80
74
90
101
125
157
196
241
284
327
355
321
275
229
190
155
123
96
79
66
56
50
54
67
87
120
161
206
259
305
343
309
260
214
169
132
104
78
59
45
38
33
25
40
62
91
129
174
227
280
330
294
251
200
159
119
89
65
44
29
23
17
9
21
41
70
111
158
211
265
317
290
242
192
149
112
81
55
37
22
12
7
1
13
31
60
98
143
195
254
310
289
237
188
144
108
76
49
32
16
6
3
400
404
414
429
448
472
506
537
579
630
682
695
646
589
535
493
458
428
413
402
406
409
418
434
450
477
508
544
583
632
684
706
657
603
550
507
468
440
419
408
416
420
425
442
462
484
514
553
594
641
688
721
670
620
568
524
486
457
438
424
430
435
443
456
474
498
527
562
607
655
698
734
691
645
596
552
513
483
464
453
446
451
463
473
492
517
548
581
623
666
713
748
720
676
628
584
549
520
497
489
470
476
482
496
515
539
569
608
647
687
728
760
740
708
664
624
591
561
541
531
499
504
512
525
543
567
599
633
668
711
742
771
764
736
705
667
638
616
592
580
528
534
542
560
574
602
627
663
696
730
759
780
779
762
739
716
686
665
652
642
563
571
577
595
614
637
662
692
726
753
775
790
792
782
769
750
732
719
703
700
606
613
619
634
656
674
697
727
747
770
786
795
798
794
787
777
766
758
749
746
612
617
626
643
661
683
710
733
755
776
788
797
799
796
789
781
772
761
756
752
570
575
585
604
622
650
675
702
731
757
778
791
793
785
773
754
738
725
715
704
532
538
551
564
582
611
639
671
707
735
765
783
784
767
744
722
693
673
660
651
501
510
518
530
555
573
609
640
679
717
745
774
768
741
712
678
648
618
600
588
475
481
488
503
522
546
576
615
654
690
729
763
743
714
672
631
598
565
547
533
449
455
466
480
495
521
556
587
625
669
718
751
724
680
636
590
557
523
500
491
433
437
445
459
478
502
529
566
610
658
701
737
694
653
601
559
516
485
467
454
417
423
431
444
465
487
519
558
597
644
689
723
677
621
572
526
490
460
439
426
407
411
422
436
452
479
511
545
586
635
685
709
659
605
554
509
469
441
421
410
401
405
415
427
447
471
505
540
578
629
681
699
649
593
536
494
461
432
412
403
