0
380
19
399
39
18
398
379
20
360
38
1
378
381
17
59
397
359
21
37
58
361
377
358
40
340
57
2
79
357
16
382
396
339
78
36
41
376
338
22
341
362
56
77
356
337
99
15
60
395
319
98
35
42
320
375
318
76
3
336
383
61
342
97
55
355
317
321
23
119
363
14
118
96
299
75
394
34
335
316
298
374
62
80
43
117
54
322
297
354
300
343
4
95
81
139
315
116
384
74
138
301
24
279
334
296
13
33
393
278
63
364
373
137
82
53
277
115
94
353
323
44
295
314
100
302
136
159
73
344
276
158
333
101
280
259
5
258
12
83
114
157
32
385
392
64
135
281
25
372
93
294
257
275
52
313
102
303
365
352
156
324
179
72
45
256
282
178
134
332
239
113
120
274
345
177
155
293
238
84
103
92
11
121
260
31
255
6
391
237
312
65
371
176
51
386
304
261
26
283
351
133
122
154
199
236
325
273
71
112
198
366
254
219
331
292
175
46
104
197
262
218
85
235
91
217
123
346
140
311
153
10
196
30
132
174
284
390
66
253
141
305
370
50
7
272
216
240
234
263
111
350
27
195
387
70
142
291
241
326
330
105
124
215
152
367
173
47
86
90
131
252
242
194
233
310
285
143
271
264
347
9
29
214
306
67
110
160
49
389
369
161
8
172
349
243
290
125
69
106
193
151
220
28
232
327
162
144
251
329
388
213
221
130
87
89
265
368
48
286
270
309
222
163
244
192
171
307
126
109
348
68
231
150
145
212
289
107
180
223
250
181
164
328
129
266
88
182
200
245
269
191
287
201
170
308
211
146
224
230
127
183
202
149
108
165
288
249
246
190
267
203
128
184
225
210
268
169
147
166
229
204
148
185
248
247
189
226
209
167
205
168
186
228
227
188
206
208
187
207
400
780
419
799
401
781
420
760
439
421
779
761
798
418
402
782
440
740
422
438
441
778
762
741
459
442
759
783
417
403
460
742
797
720
423
461
763
721
458
758
437
777
443
462
743
722
480
784
404
700
424
481
764
479
739
701
463
457
416
723
757
796
444
482
478
744
702
738
436
776
500
785
405
483
464
680
501
425
724
765
703
681
502
477
445
737
456
745
682
499
756
719
484
415
795
704
503
498
465
520
718
660
725
683
521
786
406
435
426
775
661
766
522
476
446
504
736
485
662
746
497
705
684
717
455
523
755
466
540
726
663
519
640
699
541
414
794
407
641
505
787
518
542
524
427
767
685
698
486
496
434
642
475
447
774
664
706
716
747
735
543
517
467
560
643
697
727
525
454
506
620
561
754
665
544
621
686
562
788
408
539
487
644
428
495
622
768
707
679
413
715
516
538
793
448
563
474
748
696
526
678
734
545
433
623
773
580
468
507
666
728
645
600
581
564
687
537
601
677
582
453
753
624
488
515
708
602
546
494
789
409
695
429
527
583
769
714
565
536
646
667
449
559
603
749
473
412
508
676
792
625
659
558
733
688
469
584
432
729
772
658
604
566
547
514
557
489
535
528
709
452
647
694
657
585
626
493
752
675
668
713
790
410
605
430
770
556
509
450
750
689
472
567
656
732
411
548
586
470
791
579
730
627
578
639
534
431
648
513
771
606
529
674
490
693
638
555
669
710
577
492
451
655
751
712
637
568
587
510
690
549
628
576
607
471
649
533
731
636
554
512
673
530
692
654
670
599
588
491
598
575
711
619
569
635
608
618
629
597
550
511
617
553
691
532
650
596
653
672
574
589
531
616
634
671
570
609
595
630
552
551
615
573
651
652
633
590
594
610
614
571
631
572
632
593
591
613
611
592
612
